KDE RGB Palette
#
42 42 42 
42 42 42 
42 42 42 
42 42 42 
151 151 151 
151 151 151 
104 104 104 
104 104 104 
152 152 152 
152 152 152 
132 132 132 
132 132 132 
172 172 172 
172 172 172 
181 181 181 
181 181 181 
181 181 181 
181 181 181 
0 0 0 
0 0 0 
23 83 146 
23 83 146 
46 119 201 
46 119 201 
60 59 59 
60 59 59 
136 129 121 
136 129 121 
185 184 184 
185 184 184 
95 90 85 
95 90 85 
71 67 63 
71 67 63 
239 239 239 
239 239 239 
0 0 0 
0 0 0 
133 133 133 
133 133 133 
182 182 182 
182 182 182 
186 0 3 
186 0 3 
255 255 255 
255 255 255 
229 229 229 
229 229 229 
239 239 239 
239 239 239 
218 0 3 
218 0 3 
48 48 48 
48 48 48 
88 88 88 
88 88 88 
48 48 48 
48 48 48 
71 67 63 
71 67 63 
220 220 220 
220 220 220 
220 220 220 
220 220 220 
